weight,total_gain,total_cover,gain,cover,feature
411.0,34001892.0,14462.56640625,82729.6640625,35.188724517822266,Gender
1276.0,141975168.0,290167.46875,111265.8046875,227.4039764404297,FirstVisitAge
19.0,582622.625,1535.153076171875,30664.349609375,80.79753112792969,CIndU
497.0,26882824.0,176776.03125,54090.1875,355.6861877441406,Hematocrit_Avg_acute
277.0,16232973.0,62124.51953125,58602.7890625,224.2762451171875,Hematocrit_Max_acute
221.0,9906577.0,83055.5859375,44826.140625,375.817138671875,Hematocrit_Min_acute
494.0,42648012.0,81510.7734375,86332.0078125,165.00157165527344,Hematocrit_Avg_chronic
301.0,30586386.0,50387.97265625,101615.8984375,167.4019012451172,Hematocrit_Max_chronic
141.0,22514506.0,21246.05859375,159677.34375,150.68125915527344,Hematocrit_Min_chronic
610.0,31833608.0,127344.7265625,52186.2421875,208.7618408203125,LymphocytesPercentage_Avg_acute
338.0,15363514.0,162805.640625,45454.18359375,481.6734924316406,LymphocytesPercentage_Max_acute
227.0,6863327.5,72990.1640625,30234.923828125,321.5425720214844,LymphocytesPercentage_Min_acute
665.0,53913656.0,72595.828125,81073.1640625,109.16665649414062,LymphocytesPercentage_Avg_chronic
420.0,43201024.0,106537.453125,102859.578125,253.6605987548828,LymphocytesPercentage_Max_chronic
242.0,55606780.0,60797.4921875,229780.078125,251.22930908203125,LymphocytesPercentage_Min_chronic
358.0,14503602.0,590404.375,40512.85546875,1649.1741943359375,NeutrophilsPercentage_Avg_acute
195.0,5609524.5,177343.59375,28766.79296875,909.454345703125,NeutrophilsPercentage_Max_acute
239.0,16094814.0,222689.875,67342.3203125,931.7567749023438,NeutrophilsPercentage_Min_acute
269.0,110066920.0,80658.8515625,409170.71875,299.8470458984375,NeutrophilsPercentage_Avg_chronic
185.0,72156712.0,54995.21875,390036.28125,297.2714538574219,NeutrophilsPercentage_Max_chronic
195.0,33958108.0,64896.7109375,174144.140625,332.80364990234375,NeutrophilsPercentage_Min_chronic
388.0,48353784.0,96047.53125,124623.15625,247.54518127441406,MonocytesPercentage_Avg_acute
239.0,8145626.5,79557.203125,34082.12109375,332.8753356933594,MonocytesPercentage_Max_acute
209.0,9779506.0,102501.9765625,46791.89453125,490.4400939941406,MonocytesPercentage_Min_acute
409.0,67654184.0,138509.53125,165413.65625,338.65411376953125,MonocytesPercentage_Avg_chronic
228.0,36055896.0,59378.9609375,158139.890625,260.4340515136719,MonocytesPercentage_Max_chronic
166.0,37040504.0,118721.578125,223135.5625,715.1902465820312,MonocytesPercentage_Min_chronic
339.0,35801848.0,75260.1484375,105610.171875,222.00633239746094,MeanCorpuscularHemoglobinConcentration_Avg_acute
233.0,11779200.0,235663.890625,50554.5078125,1011.4329833984375,MeanCorpuscularHemoglobinConcentration_Max_acute
124.0,13306724.0,106951.6796875,107312.2890625,862.5135498046875,MeanCorpuscularHemoglobinConcentration_Min_acute
507.0,97190800.0,431142.09375,191697.828125,850.37890625,MeanCorpuscularHemoglobinConcentration_Avg_chronic
249.0,73931192.0,154213.90625,296912.40625,619.3329467773438,MeanCorpuscularHemoglobinConcentration_Max_chronic
237.0,55794388.0,303855.96875,235419.359375,1282.0926513671875,MeanCorpuscularHemoglobinConcentration_Min_chronic
582.0,37040088.0,220142.484375,63642.76171875,378.2516784667969,PlateletCount_Avg_acute
284.0,51730772.0,206934.703125,182150.609375,728.643310546875,PlateletCount_Max_acute
305.0,37966360.0,244448.390625,124479.8671875,801.4701538085938,PlateletCount_Min_acute
509.0,75314888.0,106880.1484375,147966.375,209.98065185546875,PlateletCount_Avg_chronic
252.0,28444102.0,74259.25,112873.421875,294.6795654296875,PlateletCount_Max_chronic
257.0,68426888.0,109410.1015625,266252.46875,425.7202453613281,PlateletCount_Min_chronic
194.0,23315354.0,39511.21484375,120182.234375,203.6660614013672,WhiteBloodCellCount_Avg_acute
123.0,9746491.0,37021.8046875,79239.765625,300.99029541015625,WhiteBloodCellCount_Max_acute
129.0,8966080.0,46360.6171875,69504.5,359.3846435546875,WhiteBloodCellCount_Min_acute
163.0,30749766.0,21474.19921875,188648.875,131.74356079101562,WhiteBloodCellCount_Avg_chronic
132.0,17885294.0,19816.5234375,135494.65625,150.12518310546875,WhiteBloodCellCount_Max_chronic
78.0,3183333.5,15877.8193359375,40811.96875,203.56178283691406,WhiteBloodCellCount_Min_chronic
364.0,18594694.0,90871.1640625,51084.32421875,249.64605712890625,MeanCorpuscularHemoglobin_Avg_acute
168.0,7127773.0,79880.5703125,42427.21875,475.4795837402344,MeanCorpuscularHemoglobin_Max_acute
164.0,4419302.0,39550.34375,26946.962890625,241.16062927246094,MeanCorpuscularHemoglobin_Min_acute
466.0,315672352.0,322692.78125,677408.5,692.4737548828125,MeanCorpuscularHemoglobin_Avg_chronic
224.0,33377156.0,138595.03125,149005.15625,618.7278442382812,MeanCorpuscularHemoglobin_Max_chronic
202.0,313980672.0,185026.09375,1554359.75,915.9707641601562,MeanCorpuscularHemoglobin_Min_chronic
322.0,15210741.0,97758.6640625,47238.32421875,303.59832763671875,MeanCorpuscularVolume_Avg_acute
181.0,18461318.0,53977.953125,101996.234375,298.2207336425781,MeanCorpuscularVolume_Max_acute
147.0,11547530.0,69969.5,78554.625,475.9830017089844,MeanCorpuscularVolume_Min_acute
279.0,44267456.0,159145.34375,158664.71875,570.4133911132812,MeanCorpuscularVolume_Avg_chronic
215.0,40885100.0,161948.09375,190163.25,753.2469482421875,MeanCorpuscularVolume_Max_chronic
131.0,97317856.0,75450.15625,742884.375,575.9553833007812,MeanCorpuscularVolume_Min_chronic
142.0,17870622.0,74302.6796875,125849.453125,523.25830078125,RedBloodCellCount_Avg_acute
78.0,8179462.0,34536.484375,104864.8984375,442.77545166015625,RedBloodCellCount_Max_acute
67.0,1454284.5,85207.7578125,21705.73828125,1271.757568359375,RedBloodCellCount_Min_acute
75.0,12594201.0,14147.5869140625,167922.6875,188.63449096679688,RedBloodCellCount_Avg_chronic
36.0,5628712.0,13187.5146484375,156353.109375,366.3198547363281,RedBloodCellCount_Max_chronic
49.0,4919763.5,31497.654296875,100403.3359375,642.8092651367188,RedBloodCellCount_Min_chronic
242.0,4107516.75,78797.90625,16973.208984375,325.6111755371094,Hemoglobin_Avg_acute
131.0,5041402.5,52549.82421875,38483.98828125,401.1437072753906,Hemoglobin_Max_acute
135.0,5877767.0,39079.296875,43539.015625,289.4762878417969,Hemoglobin_Min_acute
137.0,12496806.0,39897.91015625,91217.5625,291.2256164550781,Hemoglobin_Avg_chronic
74.0,37520704.0,21326.87890625,507036.53125,288.2010803222656,Hemoglobin_Max_chronic
78.0,33785356.0,24843.4921875,433145.59375,318.5063171386719,Hemoglobin_Min_chronic
330.0,4732165.5,114121.2421875,14339.8955078125,345.82196044921875,EosinophilsPercentage_Avg_acute
203.0,11242605.0,56485.54296875,55382.2890625,278.25390625,EosinophilsPercentage_Max_acute
153.0,19989392.0,52157.33984375,130649.6171875,340.89764404296875,EosinophilsPercentage_Min_acute
381.0,49136844.0,84831.1875,128968.09375,222.65403747558594,EosinophilsPercentage_Avg_chronic
188.0,28582320.0,43633.56640625,152033.609375,232.09344482421875,EosinophilsPercentage_Max_chronic
175.0,11418004.0,186567.9375,65245.73828125,1066.1025390625,EosinophilsPercentage_Min_chronic
255.0,4060459.25,104257.9765625,15923.369140625,408.85479736328125,BasophilsPercentage_Avg_acute
131.0,92794904.0,91249.4609375,708358.0625,696.560791015625,BasophilsPercentage_Max_acute
88.0,2371446.0,17047.626953125,26948.25,193.72303771972656,BasophilsPercentage_Min_acute
299.0,143168288.0,126220.15625,478823.71875,422.1409912109375,BasophilsPercentage_Avg_chronic
124.0,40893756.0,83331.8359375,329788.34375,672.0309448242188,BasophilsPercentage_Max_chronic
137.0,33758340.0,80334.640625,246411.234375,586.3842163085938,BasophilsPercentage_Min_chronic
151.0,11564685.0,30796.09765625,76587.3203125,203.94766235351562,AbsoluteNeutrophilCount_Avg_acute
123.0,40639220.0,40661.4375,330400.15625,330.5807800292969,AbsoluteNeutrophilCount_Max_acute
183.0,36790932.0,138586.34375,201043.34375,757.3024291992188,AbsoluteNeutrophilCount_Min_acute
71.0,2653424.25,19665.67578125,37372.171875,276.9813537597656,AbsoluteNeutrophilCount_Avg_chronic
20.0,2362000.75,6991.0126953125,118100.0390625,349.5506286621094,AbsoluteNeutrophilCount_Max_chronic
17.0,2131847.5,10027.5986328125,125402.796875,589.8587646484375,AbsoluteNeutrophilCount_Min_chronic
214.0,18481008.0,145938.4375,86359.8515625,681.955322265625,AbsoluteMonocyteCount_Avg_acute
110.0,29997596.0,49867.30078125,272705.40625,453.339111328125,AbsoluteMonocyteCount_Max_acute
182.0,11287038.0,153473.40625,62016.69140625,843.260498046875,AbsoluteMonocyteCount_Min_acute
54.0,1355978.5,33166.1484375,25110.712890625,614.1879272460938,AbsoluteMonocyteCount_Avg_chronic
33.0,5022911.5,16057.205078125,152209.4375,486.58197021484375,AbsoluteMonocyteCount_Max_chronic
41.0,5483249.5,30026.880859375,133737.796875,732.3629760742188,AbsoluteMonocyteCount_Min_chronic
196.0,216771488.0,98708.3828125,1105977.0,503.61419677734375,AbsoluteEosinophilCount_Avg_acute
131.0,87816192.0,75215.3828125,670352.625,574.1632080078125,AbsoluteEosinophilCount_Max_acute
74.0,1868082.875,32820.76953125,25244.36328125,443.52392578125,AbsoluteEosinophilCount_Min_acute
153.0,38319260.0,76423.046875,250452.6875,499.4970397949219,AbsoluteEosinophilCount_Avg_chronic
83.0,59001268.0,38003.0625,710858.625,457.86822509765625,AbsoluteEosinophilCount_Max_chronic
66.0,26976268.0,37990.55859375,408731.34375,575.614501953125,AbsoluteEosinophilCount_Min_chronic
59.0,11444993.0,17416.03515625,193982.9375,295.1870422363281,AbsoluteBasophilCount_Avg_acute
38.0,4042684.25,10653.8974609375,106386.4296875,280.36572265625,AbsoluteBasophilCount_Max_acute
28.0,235906.28125,25104.31640625,8425.224609375,896.5827026367188,AbsoluteBasophilCount_Min_acute
30.0,801293.4375,10802.4248046875,26709.78125,360.0808410644531,AbsoluteBasophilCount_Avg_chronic
11.0,31225.451171875,1873.5877685546875,2838.677490234375,170.32615661621094,AbsoluteBasophilCount_Max_chronic
5.0,81928.9140625,4688.84326171875,16385.783203125,937.7686767578125,AbsoluteBasophilCount_Min_chronic
193.0,28338348.0,277519.96875,146830.8125,1437.92724609375,AbsoluteLymphocyteCount_Avg_acute
198.0,2594396.25,422741.40625,13103.01171875,2135.0576171875,AbsoluteLymphocyteCount_Max_acute
163.0,13913108.0,96960.421875,85356.4921875,594.8492431640625,AbsoluteLymphocyteCount_Min_acute
73.0,14402698.0,38594.296875,197297.234375,528.6890258789062,AbsoluteLymphocyteCount_Avg_chronic
20.0,6720669.0,11960.8388671875,336033.4375,598.0419311523438,AbsoluteLymphocyteCount_Max_chronic
25.0,11152458.0,12524.0654296875,446098.3125,500.9626159667969,AbsoluteLymphocyteCount_Min_chronic
422.0,185845920.0,243777.921875,440393.1875,577.6727905273438,MeanPlateletVolume_Avg_acute
202.0,109131080.0,123409.0625,540252.875,610.9359741210938,MeanPlateletVolume_Max_acute
203.0,7056510.5,106024.7734375,34761.13671875,522.28955078125,MeanPlateletVolume_Min_acute
426.0,75792928.0,98736.296875,177917.671875,231.7753448486328,MeanPlateletVolume_Avg_chronic
218.0,42534568.0,98399.3515625,195112.703125,451.3731689453125,MeanPlateletVolume_Max_chronic
193.0,20145208.0,85777.6328125,104379.3125,444.4436950683594,MeanPlateletVolume_Min_chronic
267.0,29239924.0,174720.75,109512.8203125,654.3848266601562,PlateletDistributionWidth_Avg_acute
146.0,21144868.0,104218.3125,144827.859375,713.8240356445312,PlateletDistributionWidth_Max_acute
117.0,13423282.0,78053.0546875,114728.90625,667.1201171875,PlateletDistributionWidth_Min_acute
167.0,21135810.0,43859.50390625,126561.734375,262.63177490234375,PlateletDistributionWidth_Avg_chronic
113.0,15013201.0,31204.58203125,132860.1875,276.146728515625,PlateletDistributionWidth_Max_chronic
64.0,22754886.0,25034.662109375,355545.09375,391.1665954589844,PlateletDistributionWidth_Min_chronic
175.0,11636278.0,169166.625,66493.015625,966.6664428710938,Plateletcrit_Avg_acute
149.0,16922988.0,298783.3125,113577.1015625,2005.257080078125,Plateletcrit_Max_acute
78.0,63182576.0,116128.1796875,810033.0,1488.8228759765625,Plateletcrit_Min_acute
145.0,18581394.0,221251.796875,128147.546875,1525.87451171875,Plateletcrit_Avg_chronic
81.0,4361158.0,117410.546875,53841.45703125,1449.512939453125,Plateletcrit_Max_chronic
34.0,6257172.5,37521.42578125,184034.484375,1103.5712890625,Plateletcrit_Min_chronic
152.0,27285190.0,156431.359375,179507.828125,1029.1536865234375,RedCellDistributionWidth_Avg_acute
55.0,19630976.0,23615.751953125,356926.84375,429.3773193359375,RedCellDistributionWidth_Max_acute
48.0,2782381.5,57201.578125,57966.28125,1191.6995849609375,RedCellDistributionWidth_Min_acute
44.0,10970505.0,62431.11328125,249329.65625,1418.888916015625,RedCellDistributionWidth_Avg_chronic
14.0,3286755.25,5939.77587890625,234768.234375,424.26971435546875,RedCellDistributionWidth_Max_chronic
12.0,311560.25,20106.73828125,25963.353515625,1675.5615234375,RedCellDistributionWidth_Min_chronic
203.0,2756094.25,109292.140625,13576.8193359375,538.3849487304688,RedCellDistributionWidthCV_Avg_acute
124.0,2912481.75,42821.9296875,23487.755859375,345.338134765625,RedCellDistributionWidthCV_Max_acute
104.0,16557081.0,71945.1171875,159202.703125,691.7799682617188,RedCellDistributionWidthCV_Min_acute
394.0,27905614.0,503309.34375,70826.4296875,1277.4349365234375,RedCellDistributionWidthCV_Avg_chronic
170.0,23811220.0,163499.015625,140066.0,961.7589111328125,RedCellDistributionWidthCV_Max_chronic
232.0,96724576.0,338752.28125,416916.28125,1460.13916015625,RedCellDistributionWidthCV_Min_chronic
137.0,4926974.5,28010.91015625,35963.31640625,204.45919799804688,EosinophilCountAbsolute_Avg_acute
88.0,1433494.75,35925.41796875,16289.712890625,408.2433776855469,EosinophilCountAbsolute_Max_acute
100.0,466532.5625,64803.87109375,4665.32568359375,648.0386962890625,EosinophilCountAbsolute_Min_acute
193.0,35283308.0,79906.3125,182815.0625,414.0223388671875,EosinophilCountAbsolute_Avg_chronic
114.0,69852184.0,70514.078125,612738.4375,618.5445556640625,EosinophilCountAbsolute_Max_chronic
103.0,44742220.0,34933.64453125,434390.5,339.1615905761719,EosinophilCountAbsolute_Min_chronic
263.0,545063104.0,207794.671875,2072483.25,790.0938110351562,CReactiveProtein_Avg_acute
103.0,371517184.0,97029.8046875,3606963.0,942.0369262695312,CReactiveProtein_Max_acute
176.0,802582656.0,252714.015625,4560128.5,1435.8751220703125,CReactiveProtein_Min_acute
176.0,27598102.0,48007.9296875,156807.390625,272.7723388671875,CReactiveProtein_Avg_chronic
126.0,23683782.0,39958.62109375,187966.53125,317.1319274902344,CReactiveProtein_Max_chronic
77.0,23169812.0,18096.853515625,300906.65625,235.02407836914062,CReactiveProtein_Min_chronic
120.0,983445.0625,20817.974609375,8195.3759765625,173.48312377929688,ImmunoglobulinE_Avg_acute
39.0,344338.90625,16979.728515625,8829.203125,435.3776550292969,ImmunoglobulinE_Max_acute
13.0,103046.8984375,8845.3896484375,7926.6845703125,680.4146118164062,ImmunoglobulinE_Min_acute
273.0,83300888.0,298218.0625,305131.46875,1092.3739013671875,ImmunoglobulinE_Avg_chronic
138.0,78643832.0,107883.578125,569882.8125,781.7650756835938,ImmunoglobulinE_Max_chronic
67.0,46711140.0,58940.6328125,697181.1875,879.7109375,ImmunoglobulinE_Min_chronic
54.0,267210.46875,19333.384765625,4948.341796875,358.025634765625,Total25HydroxyVitaminD_Avg_acute
12.0,308399.9375,2511.25634765625,25699.994140625,209.2713623046875,Total25HydroxyVitaminD_Max_acute
3.0,3410.756103515625,104.79761505126953,1136.918701171875,34.93253707885742,Total25HydroxyVitaminD_Min_acute
145.0,30923458.0,27911.849609375,213265.234375,192.49551391601562,Total25HydroxyVitaminD_Avg_chronic
79.0,91274536.0,16453.34765625,1155373.875,208.2702178955078,Total25HydroxyVitaminD_Max_chronic
39.0,29783514.0,6379.53955078125,763679.875,163.57794189453125,Total25HydroxyVitaminD_Min_chronic
14.0,21575.8984375,8609.5107421875,1541.1356201171875,614.9650268554688,ImmunoglobulinG_Avg_acute
5.0,925.1055908203125,3803.31494140625,185.0211181640625,760.6629638671875,ImmunoglobulinG_Max_acute
12.0,53103.0390625,2301.001708984375,4425.25341796875,191.75013732910156,ImmunoglobulinG_Avg_chronic
6.0,12820.8359375,1385.1278076171875,2136.805908203125,230.85462951660156,ImmunoglobulinG_Max_chronic
4.0,1142166.125,549.2470703125,285541.53125,137.311767578125,ImmunoglobulinG_Min_chronic
13.0,1100667.125,2682.1865234375,84666.703125,206.32203674316406,ImmunoglobulinA_Avg_acute
4.0,13773.4580078125,1937.5872802734375,3443.364501953125,484.3968200683594,ImmunoglobulinA_Max_acute
4.0,14.371621131896973,713.1058959960938,3.592905282974243,178.27647399902344,ImmunoglobulinA_Avg_chronic
4.0,28090.48828125,1191.16845703125,7022.6220703125,297.7921142578125,ImmunoglobulinA_Max_chronic
2.0,646.4559326171875,220.99423217773438,323.22796630859375,110.49711608886719,ImmunoglobulinA_Min_chronic
49.0,119489.3515625,51512.25390625,2438.55810546875,1051.2705078125,ImmunoglobulinM_Avg_acute
10.0,2464247.5,17343.443359375,246424.75,1734.3443603515625,ImmunoglobulinM_Max_acute
7.0,204.86512756347656,2269.13427734375,29.266447067260742,324.16204833984375,ImmunoglobulinM_Min_acute
8.0,1770.45849609375,836.2583618164062,221.30731201171875,104.53229522705078,ImmunoglobulinM_Avg_chronic
3.0,1261.0635986328125,316.71441650390625,420.3545227050781,105.57147216796875,ImmunoglobulinM_Max_chronic
8.0,229.87026977539062,7871.82763671875,28.733783721923828,983.9784545898438,ThyroglobulinAntibody_Avg_acute
3.0,18079.669921875,495.6220703125,6026.556640625,165.2073516845703,ThyroglobulinAntibody_Max_acute
2.0,127.80702209472656,2958.5390625,63.90351104736328,1479.26953125,ThyroglobulinAntibody_Min_acute
12.0,1945950.125,2397.624755859375,162162.515625,199.80206298828125,ThyroglobulinAntibody_Avg_chronic
5.0,111938.0546875,1407.166748046875,22387.611328125,281.433349609375,ThyroglobulinAntibody_Max_chronic
47.0,3986782.0,86314.28125,84825.1484375,1836.47412109375,ThyroidStimulatingHormone_Avg_acute
15.0,302850.8125,20019.5,20190.0546875,1334.63330078125,ThyroidStimulatingHormone_Max_acute
6.0,176842.390625,3678.28125,29473.732421875,613.046875,ThyroidStimulatingHormone_Min_acute
89.0,6623856.5,27590.404296875,74425.3515625,310.0045471191406,ThyroidStimulatingHormone_Avg_chronic
45.0,16334963.0,9051.435546875,362999.1875,201.14300537109375,ThyroidStimulatingHormone_Max_chronic
12.0,194774.4375,3039.77099609375,16231.203125,253.3142547607422,ThyroidStimulatingHormone_Min_chronic
14.0,1576330.25,1569.197509765625,112595.015625,112.08553314208984,TotalTriiodothyronine_Avg_acute
7.0,38996.3046875,1554.152587890625,5570.90087890625,222.0218048095703,TotalTriiodothyronine_Max_acute
1.0,0.5256916880607605,3047.03759765625,0.5256916880607605,3047.03759765625,TotalTriiodothyronine_Min_acute
133.0,142157392.0,81122.953125,1068852.625,609.947021484375,TotalTriiodothyronine_Avg_chronic
63.0,7562965.0,39277.13671875,120047.0625,623.4465942382812,TotalTriiodothyronine_Max_chronic
27.0,4397971.0,27174.572265625,162887.8125,1006.4656372070312,TotalTriiodothyronine_Min_chronic
49.0,3950023.25,127933.1953125,80612.71875,2610.881591796875,TotalThyroxine_Avg_acute
17.0,5310.12548828125,56210.921875,312.3603210449219,3306.52490234375,TotalThyroxine_Max_acute
14.0,2497.00927734375,49374.2109375,178.35780334472656,3526.729248046875,TotalThyroxine_Min_acute
99.0,6336403.0,40963.4921875,64004.0703125,413.77264404296875,TotalThyroxine_Avg_chronic
32.0,3809662.75,4147.1318359375,119051.9609375,129.59786987304688,TotalThyroxine_Max_chronic
15.0,2258604.5,5300.98291015625,150573.640625,353.39886474609375,TotalThyroxine_Min_chronic
6.0,3750.714599609375,5347.232421875,625.1190795898438,891.2053833007812,FreeTriiodothyronine_Avg_acute
2.0,5.418209075927734,186.45236206054688,2.709104537963867,93.22618103027344,FreeTriiodothyronine_Max_acute
1.0,6907.40185546875,136.21142578125,6907.40185546875,136.21142578125,FreeTriiodothyronine_Min_acute
70.0,10814461.0,29496.00390625,154492.296875,421.3714904785156,FreeTriiodothyronine_Avg_chronic
20.0,6784918.5,12898.0341796875,339245.9375,644.9017333984375,FreeTriiodothyronine_Max_chronic
14.0,389166.53125,10664.2138671875,27797.609375,761.7295532226562,FreeTriiodothyronine_Min_chronic
20.0,866996.8125,12071.0146484375,43349.83984375,603.5507202148438,FreeThyroxine_Avg_acute
12.0,317139.78125,6227.28515625,26428.314453125,518.9404296875,FreeThyroxine_Max_acute
9.0,34161.71484375,2920.8232421875,3795.74609375,324.5359191894531,FreeThyroxine_Min_acute
75.0,6225792.5,27287.51171875,83010.5703125,363.83349609375,FreeThyroxine_Avg_chronic
32.0,374588.8125,10132.7763671875,11705.900390625,316.6492614746094,FreeThyroxine_Max_chronic
11.0,476697.09375,1647.1893310546875,43336.09765625,149.74449157714844,FreeThyroxine_Min_chronic
21.0,39603.78515625,11174.1279296875,1885.89453125,532.101318359375,ReverseTriiodothyronine_Avg_acute
13.0,2005600.875,17465.458984375,154276.984375,1343.496826171875,ReverseTriiodothyronine_Max_acute
5.0,7485.28759765625,3761.279052734375,1497.0574951171875,752.2557983398438,ReverseTriiodothyronine_Min_acute
78.0,12518829.0,18516.669921875,160497.8125,237.39320373535156,ReverseTriiodothyronine_Avg_chronic
35.0,8410329.0,6143.572265625,240295.109375,175.5306396484375,ReverseTriiodothyronine_Max_chronic
20.0,160318.359375,7521.7578125,8015.91796875,376.087890625,ReverseTriiodothyronine_Min_chronic
7.0,3414.450439453125,10306.7373046875,487.77862548828125,1472.3909912109375,ANA1to40_Avg_acute
1.0,1.7717665433883667,107.24234771728516,1.7717665433883667,107.24234771728516,ANA1to40_Max_acute
8.0,461649.46875,1298.07763671875,57706.18359375,162.25970458984375,ANA1to40_Avg_chronic
4.0,28393.2734375,417.72528076171875,7098.318359375,104.43132019042969,ANA1to40_Max_chronic
1.0,4241.6552734375,177.1531982421875,4241.6552734375,177.1531982421875,ANA1to80_Min_acute
2.0,115.34525299072266,105.10904693603516,57.67262649536133,52.55452346801758,ANA1to80_Avg_chronic
1.0,3766.82421875,63.06581115722656,3766.82421875,63.06581115722656,ANA1to80_Min_chronic
5.0,330064.53125,519.2156372070312,66012.90625,103.84312438964844,ANANuclearPattern_Avg_chronic
3.0,2598589.25,331.6044616699219,866196.4375,110.53482055664062,ANANuclearPattern_Max_chronic
43.0,1907371.0,25692.880859375,44357.46484375,597.5088500976562,SMRNP_Avg_acute
23.0,65154.68359375,17427.4609375,2832.812255859375,757.7156982421875,SMRNP_Max_acute
6.0,47427.64453125,8514.84765625,7904.607421875,1419.1412353515625,SMRNP_Min_acute
42.0,3095773.75,18105.521484375,73708.8984375,431.0838317871094,SMRNP_Avg_chronic
24.0,5058630.0,13843.150390625,210776.25,576.7979125976562,SMRNP_Max_chronic
10.0,87497.359375,6182.27392578125,8749.736328125,618.2274169921875,SMRNP_Min_chronic
25.0,815192.1875,12015.4140625,32607.6875,480.6165771484375,AntiScl70_Avg_acute
6.0,31221.8046875,4074.7646484375,5203.63427734375,679.12744140625,AntiScl70_Max_acute
5.0,1053513.625,5271.95751953125,210702.71875,1054.3914794921875,AntiScl70_Min_acute
53.0,9664263.0,31646.2578125,182344.578125,597.0991821289062,AntiScl70_Avg_chronic
32.0,2858706.0,39398.578125,89334.5625,1231.20556640625,AntiScl70_Max_chronic
11.0,1790790.75,10004.4931640625,162799.15625,909.4993896484375,AntiScl70_Min_chronic
21.0,141280.265625,14625.359375,6727.6318359375,696.4456787109375,AntiSSA_Avg_acute
7.0,51416.984375,4703.11474609375,7345.28369140625,671.87353515625,AntiSSA_Max_acute
1.0,12.072322845458984,479.07757568359375,12.072322845458984,479.07757568359375,AntiSSA_Min_acute
41.0,19176498.0,22739.7734375,467719.46875,554.6286010742188,AntiSSA_Avg_chronic
12.0,4622238.0,7108.89892578125,385186.5,592.4082641601562,AntiSSA_Max_chronic
7.0,16769502.0,6943.31787109375,2395643.25,991.9025268554688,AntiSSA_Min_chronic
35.0,973053.4375,48629.62109375,27801.52734375,1389.417724609375,AntiSSB_Avg_acute
19.0,1233.599609375,37761.23046875,64.9262924194336,1987.4332275390625,AntiSSB_Max_acute
10.0,39.81855010986328,37256.6484375,3.9818549156188965,3725.664794921875,AntiSSB_Min_acute
28.0,22407568.0,8576.1591796875,800270.3125,306.2914123535156,AntiSSB_Avg_chronic
11.0,466070.0,4208.212890625,42370.0,382.5648193359375,AntiSSB_Max_chronic
8.0,92822.7734375,4683.57568359375,11602.8466796875,585.4469604492188,AntiSSB_Min_chronic
24.0,3779925.75,4963.70947265625,157496.90625,206.82122802734375,AntiJo1_Avg_acute
10.0,379511.34375,1892.5313720703125,37951.1328125,189.25314331054688,AntiJo1_Max_acute
3.0,11276.689453125,371.4781188964844,3758.896484375,123.82604217529297,AntiJo1_Min_acute
29.0,13006039.0,13177.3251953125,448484.09375,454.3905334472656,AntiJo1_Avg_chronic
8.0,553894.25,5070.75146484375,69236.78125,633.8439331054688,AntiJo1_Max_chronic
9.0,1894203.75,6466.955078125,210467.078125,718.550537109375,AntiJo1_Min_chronic
60.0,996686.625,107435.734375,16611.443359375,1790.5955810546875,AntiDoubleStrandedDNA_Avg_acute
25.0,82914.734375,56229.9609375,3316.58935546875,2249.198486328125,AntiDoubleStrandedDNA_Max_acute
15.0,22312.154296875,48316.25,1487.4769287109375,3221.083251953125,AntiDoubleStrandedDNA_Min_acute
63.0,6018643.0,18965.9765625,95534.015625,301.0472412109375,AntiDoubleStrandedDNA_Avg_chronic
36.0,8685009.0,12398.529296875,241250.25,344.4035949707031,AntiDoubleStrandedDNA_Max_chronic
23.0,24655644.0,4641.18017578125,1071984.5,201.79043579101562,AntiDoubleStrandedDNA_Min_chronic
13.0,116212.3671875,2432.01171875,8939.4130859375,187.07781982421875,AntiSM_Avg_acute
14.0,118543.890625,2058.712890625,8467.4208984375,147.05091857910156,AntiSM_Max_acute
2.0,79310.0,803.1141357421875,39655.0,401.55706787109375,AntiSM_Min_acute
43.0,887478.0625,14479.6728515625,20639.025390625,336.736572265625,AntiSM_Avg_chronic
15.0,116585.265625,5196.0703125,7772.35107421875,346.4046936035156,AntiSM_Max_chronic
8.0,72700.015625,3009.092041015625,9087.501953125,376.1365051269531,AntiSM_Min_chronic
13.0,36245.21484375,1929.09716796875,2788.093505859375,148.39208984375,Nucleosome_Avg_acute
10.0,48261.3515625,1592.657470703125,4826.13525390625,159.2657470703125,Nucleosome_Max_acute
5.0,2239.6279296875,618.536865234375,447.92559814453125,123.7073745727539,Nucleosome_Min_acute
59.0,304251.4375,21550.2890625,5156.80419921875,365.2591247558594,Nucleosome_Avg_chronic
21.0,420593.34375,4501.57958984375,20028.25390625,214.36093139648438,Nucleosome_Max_chronic
21.0,2145411.0,11585.1220703125,102162.4296875,551.6724853515625,Nucleosome_Min_chronic
30.0,417553.5,19478.462890625,13918.4501953125,649.2821044921875,AntiM2_Avg_acute
16.0,332958.78125,12023.44921875,20809.923828125,751.465576171875,AntiM2_Max_acute
6.0,12057.845703125,4699.96142578125,2009.6409912109375,783.326904296875,AntiM2_Min_acute
70.0,22316518.0,11928.1220703125,318807.40625,170.40174865722656,AntiM2_Avg_chronic
13.0,2028809.75,4566.99560546875,156062.28125,351.3073425292969,AntiM2_Max_chronic
15.0,8324556.0,9359.2939453125,554970.375,623.9529418945312,AntiM2_Min_chronic
23.0,2133229.25,25595.46484375,92749.1015625,1112.8463134765625,ProliferatingCellNuclearAntigen_Avg_acute
11.0,83044.84375,17140.5703125,7549.53125,1558.233642578125,ProliferatingCellNuclearAntigen_Max_acute
4.0,777767.75,1910.647216796875,194441.9375,477.66180419921875,ProliferatingCellNuclearAntigen_Min_acute
43.0,25029538.0,18394.529296875,582082.25,427.7797546386719,ProliferatingCellNuclearAntigen_Avg_chronic
29.0,36260940.0,19227.58203125,1250377.25,663.0200805664062,ProliferatingCellNuclearAntigen_Max_chronic
9.0,2625936.0,9169.80078125,291770.65625,1018.8667602539062,ProliferatingCellNuclearAntigen_Min_chronic
37.0,4273551.0,43416.5859375,115501.375,1173.4212646484375,RibosomalPProtein_Avg_acute
11.0,693400.25,21047.537109375,63036.38671875,1913.4124755859375,RibosomalPProtein_Max_acute
33.0,10596364.0,3282.911865234375,321101.9375,99.482177734375,RibosomalPProtein_Avg_chronic
7.0,1464562.625,1265.048828125,209223.234375,180.7212677001953,RibosomalPProtein_Max_chronic
6.0,3706709.75,2896.9345703125,617784.9375,482.8224182128906,RibosomalPProtein_Min_chronic
52.0,1309956.75,132295.890625,25191.4765625,2544.15185546875,PMScl_Avg_acute
25.0,1273920.375,60624.7109375,50956.81640625,2424.988525390625,PMScl_Max_acute
7.0,21057.349609375,13367.9296875,3008.19287109375,1909.7042236328125,PMScl_Min_acute
30.0,24716732.0,11929.75390625,823891.0625,397.6584777832031,PMScl_Avg_chronic
12.0,2231573.5,7551.1484375,185964.453125,629.2623901367188,PMScl_Max_chronic
9.0,44684.453125,3347.745361328125,4964.939453125,371.9717102050781,PMScl_Min_chronic
16.0,539894.1875,2266.628173828125,33743.38671875,141.6642608642578,Histone_Avg_acute
14.0,515723.5,1528.81591796875,36837.39453125,109.20113372802734,Histone_Max_acute
8.0,297481.125,2488.801025390625,37185.140625,311.1001281738281,Histone_Min_acute
42.0,24024110.0,8852.359375,572002.625,210.7704620361328,Histone_Avg_chronic
10.0,1762921.625,3336.068603515625,176292.15625,333.60687255859375,Histone_Max_chronic
7.0,675096.5,3323.740234375,96442.359375,474.8200378417969,Histone_Min_chronic
35.0,3596690.5,58450.52734375,102762.5859375,1670.0150146484375,CentromereProteinB_Avg_acute
14.0,1543526.375,20361.501953125,110251.8828125,1454.3929443359375,CentromereProteinB_Max_acute
3.0,839.1876220703125,4792.20166015625,279.7292175292969,1597.4005126953125,CentromereProteinB_Min_acute
16.0,1642068.375,19442.177734375,102629.2734375,1215.1361083984375,CentromereProteinB_Avg_chronic
16.0,7841605.0,31271.07421875,490100.3125,1954.442138671875,CentromereProteinB_Max_chronic
3.0,133342.4375,505.8901672363281,44447.48046875,168.6300506591797,CentromereProteinB_Min_chronic
121.0,454891.6875,437110.9375,3759.435546875,3612.487060546875,Ro52_Avg_acute
35.0,336588.375,131805.484375,9616.810546875,3765.87109375,Ro52_Max_acute
23.0,657641.8125,54457.77734375,28593.123046875,2367.7294921875,Ro52_Min_acute
50.0,5084078.0,14385.990234375,101681.5625,287.7198181152344,Ro52_Avg_chronic
26.0,2648513.0,10581.16796875,101865.8828125,406.9679870605469,Ro52_Max_chronic
7.0,329776.34375,2077.62548828125,47110.90625,296.80364990234375,Ro52_Min_chronic
15.0,13597232.0,5941.470703125,906482.125,396.0980529785156,ThrombinTime_Avg_chronic
8.0,86957.7109375,1704.170654296875,10869.7138671875,213.02133178710938,ThrombinTime_Max_chronic
4.0,24668.146484375,1924.490966796875,6167.03662109375,481.12274169921875,ThrombinTime_Min_chronic
4.0,3323.178955078125,410.7216796875,830.7947387695312,102.680419921875,PartialThromboplastinTime_Avg_acute
2.0,6409.1171875,610.8323974609375,3204.55859375,305.41619873046875,PartialThromboplastinTime_Max_acute
1.0,500.0810546875,116.86121368408203,500.0810546875,116.86121368408203,PartialThromboplastinTime_Min_acute
41.0,3501869.0,81392.703125,85411.4375,1985.1878662109375,PartialThromboplastinTime_Avg_chronic
11.0,962175.5625,24614.5703125,87470.5078125,2237.688232421875,PartialThromboplastinTime_Max_chronic
14.0,2061166.25,10679.9453125,147226.15625,762.8532104492188,PartialThromboplastinTime_Min_chronic
12.0,3571508.75,7420.509765625,297625.71875,618.3757934570312,ProthrombinTime_Avg_chronic
4.0,6797852.0,1005.3623046875,1699463.0,251.340576171875,ProthrombinTime_Max_chronic
10.0,150885.3125,11405.0419921875,15088.53125,1140.504150390625,ProthrombinTimeINR_Avg_chronic
6.0,2391305.25,1304.3616943359375,398550.875,217.39361572265625,ProthrombinTimeINR_Max_chronic
2.0,671.6852416992188,332.8797607421875,335.8426208496094,166.43988037109375,ProthrombinTimeINR_Min_chronic
4.0,2529.703369140625,1180.357421875,632.4258422851562,295.08935546875,UrinepH_Avg_acute
1.0,775.828125,155.3373260498047,775.828125,155.3373260498047,UrinepH_Min_acute
16.0,847686.625,29249.44921875,52980.4140625,1828.090576171875,UrinepH_Avg_chronic
5.0,5257.70556640625,4761.92236328125,1051.5411376953125,952.3844604492188,UrinepH_Max_chronic
5.0,455.1312561035156,10468.583984375,91.02625274658203,2093.716796875,UrinepH_Min_chronic
2.0,88.02888488769531,260.2939453125,44.014442443847656,130.14697265625,UrineProtein_Avg_chronic
1.0,196.3040771484375,14.114006042480469,196.3040771484375,14.114006042480469,UrineProtein_Max_chronic
15.0,8604.2822265625,2148.476318359375,573.6188354492188,143.23175048828125,UrineSpecificGravity_Avg_acute
2.0,399833.46875,84.89736938476562,199916.734375,42.44868469238281,UrineSpecificGravity_Max_acute
4.0,5592.04541015625,573.3798828125,1398.0113525390625,143.344970703125,UrineSpecificGravity_Min_acute
14.0,42.78044509887695,51725.57421875,3.055746078491211,3694.683837890625,UrineSpecificGravity_Avg_chronic
3.0,2301057.0,7731.76953125,767019.0,2577.256591796875,UrineSpecificGravity_Max_chronic
1.0,17.455795288085938,101.01085662841797,17.455795288085938,101.01085662841797,UrineSpecificGravity_Min_chronic
2.0,121.5467300415039,75.29550170898438,60.77336502075195,37.64775085449219,RedBloodCellsMicroscopic_Max_acute
1.0,7.0023193359375,50.505428314208984,7.0023193359375,50.505428314208984,WhiteBloodCellsMicroscopic_Max_acute
20.0,80462.453125,3247.6328125,4023.12255859375,162.3816375732422,Milk_Avg_acute
2.0,2314.40966796875,44.639686584472656,1157.204833984375,22.319843292236328,Milk_Max_acute
4.0,53762.9140625,250.89149475097656,13440.728515625,62.72287368774414,Milk_Min_acute
28.0,19559460.0,8595.8212890625,698552.125,306.9936218261719,Milk_Avg_chronic
16.0,200663.21875,8106.28564453125,12541.451171875,506.6428527832031,Milk_Max_chronic
12.0,1289990.875,1420.9984130859375,107499.2421875,118.41653442382812,Milk_Min_chronic
18.0,482339.78125,1390.3118896484375,26796.654296875,77.23954772949219,Cockroach_Avg_acute
5.0,74539.140625,972.5789184570312,14907.828125,194.51577758789062,Cockroach_Max_acute
7.0,2728.01318359375,334.6338806152344,389.7161560058594,47.804840087890625,Cockroach_Min_acute
58.0,16025809.0,6749.02587890625,276307.0625,116.36251831054688,Cockroach_Avg_chronic
34.0,20652232.0,7717.30615234375,607418.5625,226.97959899902344,Cockroach_Max_chronic
55.0,14339092.0,3653.760986328125,260710.765625,66.43201446533203,Cockroach_Min_chronic
31.0,1041315.8125,57097.03125,33590.83203125,1841.8397216796875,EggWhite_Avg_acute
13.0,150439.890625,12865.79296875,11572.298828125,989.6763916015625,EggWhite_Max_acute
15.0,639778.625,21043.58203125,42651.91015625,1402.905517578125,EggWhite_Min_acute
72.0,3961319.5,11001.1142578125,55018.328125,152.7932586669922,EggWhite_Avg_chronic
37.0,15879353.0,6749.25634765625,429171.6875,182.41233825683594,EggWhite_Max_chronic
28.0,372700.3125,2595.32666015625,13310.7255859375,92.69023895263672,EggWhite_Min_chronic
57.0,1709797.75,2582.4501953125,29996.451171875,45.30614471435547,CatDander_Avg_acute
50.0,2581886.25,2312.248779296875,51637.7265625,46.24497604370117,CatDander_Max_acute
12.0,693691.75,616.065185546875,57807.64453125,51.33876419067383,CatDander_Min_acute
125.0,12665493.0,9343.83203125,101323.9453125,74.75065612792969,CatDander_Avg_chronic
82.0,6431910.0,7185.99365234375,78437.9296875,87.63407135009766,CatDander_Max_chronic
35.0,12226.2861328125,2286.2958984375,349.32244873046875,65.32273864746094,CatDander_Min_chronic
10.0,6935.712890625,902.4789428710938,693.5712890625,90.24789428710938,DogDander_Avg_acute
2.0,3.5844383239746094,47.33299255371094,1.7922191619873047,23.66649627685547,DogDander_Max_acute
1.0,6.259521484375,97.87271118164062,6.259521484375,97.87271118164062,DogDander_Min_acute
99.0,29442620.0,45077.1484375,297400.1875,455.3247375488281,DogDander_Avg_chronic
37.0,9178286.0,18326.375,248061.78125,495.30743408203125,DogDander_Max_chronic
10.0,487453.75,5821.62109375,48745.375,582.162109375,DogDander_Min_chronic
79.0,797084.0,5788.833984375,10089.6708984375,73.27638244628906,Ragweed_Avg_acute
22.0,12232.966796875,4248.650390625,556.0439453125,193.12046813964844,Ragweed_Max_acute
5.0,773.786865234375,503.9161376953125,154.7573699951172,100.7832260131836,Ragweed_Min_acute
72.0,23094044.0,129124.28125,320750.625,1793.392822265625,Ragweed_Avg_chronic
30.0,22211360.0,50739.7890625,740378.6875,1691.3262939453125,Ragweed_Max_chronic
17.0,1013128.4375,31232.046875,59595.7890625,1837.17919921875,Ragweed_Min_chronic
78.0,4019927.0,4426.078125,51537.52734375,56.744590759277344,RyeGrass_Avg_acute
35.0,594119.4375,2024.830810546875,16974.841796875,57.85231018066406,RyeGrass_Max_acute
7.0,13160.3408203125,399.6352233886719,1880.0487060546875,57.09074783325195,RyeGrass_Min_acute
133.0,48533720.0,131452.359375,364915.1875,988.3635864257812,RyeGrass_Avg_chronic
67.0,29482866.0,53003.19140625,440042.78125,791.0924072265625,RyeGrass_Max_chronic
25.0,3025896.0,40110.8046875,121035.84375,1604.43212890625,RyeGrass_Min_chronic
80.0,6866067.0,335403.25,85825.8359375,4192.54052734375,DustMites_Avg_acute
44.0,4255401.0,175628.3125,96713.65625,3991.552490234375,DustMites_Max_acute
20.0,1101787.125,80208.7734375,55089.35546875,4010.438720703125,DustMites_Min_acute
9.0,2664854.75,2118.178955078125,296094.96875,235.35321044921875,DustMites_Avg_chronic
7.0,2081845.625,2289.705810546875,297406.53125,327.100830078125,DustMites_Max_chronic
